N=15;

1/0.1*(N-1+log(1/0.01)+sqrt((log(1/0.01))^2+2*(N-1)*log(1/0.01)))